{"cells":[{"cell_type":"markdown","metadata":{},"source":["# Matrix Flipping\n","This is a mock test for flipping matrix in its rows and columns to find the maximum sum of upper left quadrant."]},{"cell_type":"code","execution_count":55,"metadata":{},"outputs":[],"source":["def flippingMatrix(matrix):\n","    n = len(matrix)//2\n","    for i in range(2*n):\n","        invert_row(matrix,n,i)\n","    for i in range(n):\n","        invert_col(matrix, n, i)\n","    return sum_quadrant(matrix, n)\n","\n","def invert_row(matrix, n, idx):\n","    sum1 = sum2 = 0\n","    for i in range(n):\n","        sum1 += matrix[idx][i]\n","        sum2 += matrix[idx][-i-1]\n","    if sum1 < sum2:\n","        #invert\n","        print('inverting row:', idx)\n","        for i in range(n):\n","            matrix[idx][i], matrix[idx][-i-1] = matrix[idx][-i-1], matrix[idx][i]\n","        print(matrix)\n","        \n","    # return matrix\n","    \n","\n","def invert_col(matrix, n, idx):\n","    sum1 = sum2 = 0\n","    for i in range(n):\n","        sum1 += matrix[i][idx]\n","        sum2 += matrix[-i-1][idx]\n","    if sum1 < sum2:\n","        #invert\n","        print('inverting col:', idx)\n","        for i in range(n):\n","            matrix[i][idx], matrix[-i-1][idx] = matrix[-i-1][idx], matrix[i][idx]\n","        print(matrix)\n","    # return matrix\n","\n","def sum_quadrant(matrix, n):\n","    sum_q = 0\n","    for i in range(n):\n","        for j in range(n):\n","            sum_q += matrix[i][j]\n","    return sum_q"]},{"cell_type":"code","execution_count":76,"metadata":{},"outputs":[],"source":["ex1 = [[112, 42, 83, 119], \n","        [56, 125, 56, 49], \n","        [15, 78, 101, 43], \n","        [62, 98, 114, 108]]\n","\n","matrix = ex1"]},{"cell_type":"code","execution_count":77,"metadata":{},"outputs":[{"name":"stdout","output_type":"stream","text":["inverting col: 2\n","[[112, 42, 114, 119], [56, 125, 101, 49], [15, 78, 56, 43], [62, 98, 83, 108]]\n"]}],"source":["invert_col(matrix, 2, 2)"]},{"cell_type":"code","execution_count":78,"metadata":{},"outputs":[{"name":"stdout","output_type":"stream","text":["inverting row: 0\n","[[119, 114, 42, 112], [56, 125, 101, 49], [15, 78, 56, 43], [62, 98, 83, 108]]\n","inverting row: 2\n","[[119, 114, 42, 112], [56, 125, 101, 49], [43, 56, 78, 15], [62, 98, 83, 108]]\n","inverting row: 3\n","[[119, 114, 42, 112], [56, 125, 101, 49], [43, 56, 78, 15], [108, 83, 98, 62]]\n"]},{"data":{"text/plain":["414"]},"execution_count":78,"metadata":{},"output_type":"execute_result"}],"source":["flippingMatrix(matrix)"]},{"cell_type":"code","execution_count":61,"metadata":{},"outputs":[{"data":{"text/plain":["[[119, 114, 42, 112], [56, 101, 56, 49], [43, 125, 78, 15], [108, 83, 98, 62]]"]},"execution_count":61,"metadata":{},"output_type":"execute_result"}],"source":["matrix"]},{"cell_type":"code","execution_count":39,"metadata":{},"outputs":[{"name":"stdout","output_type":"stream","text":["inverting: 2\n","0 1\n","1 0\n"]},{"data":{"text/plain":["[[119, 114, 42, 112], [56, 125, 101, 49], [15, 78, 56, 43], [62, 98, 83, 108]]"]},"execution_count":39,"metadata":{},"output_type":"execute_result"}],"source":["invert_row(matrix,2, 0)\n","matrix"]}],"metadata":{"accelerator":"TPU","colab":{"collapsed_sections":[],"name":"Fine_Tuning_For_BERT_models_with_TPU-STU-NOTES.ipynb","provenance":[]},"kernelspec":{"display_name":"Python 3.9.13 64-bit","language":"python","name":"python3"},"language_info":{"codemirror_mode":{"name":"ipython","version":3},"file_extension":".py","mimetype":"text/x-python","name":"python","nbconvert_exporter":"python","pygments_lexer":"ipython3","version":"3.9.13"},"vscode":{"interpreter":{"hash":"8e284ee3255a07ad8bf76694974743c4c81cb57e7c969474d752d949b11d721e"}}},"nbformat":4,"nbformat_minor":0}
